Jerry 10 10 10 10 10 10 10 10
Jerry 100 100 100 100 100 100 100 100
Jerry 1000 1000 1000 1000 1000 1000 1000 1000
Jerry 1001 1001 1001 1001 1001 1001 1001 1001
Jerry 1002 1002 1002 1002 1002 1002 1002 1002
Jerry 1003 1003 1003 1003 1003 1003 1003 1003
Jerry 1004 1004 1004 1004 1004 1004 1004 1004
Jerry 1005 1005 1005 1005 1005 1005 1005 1005
Jerry 1006 1006 1006 1006 1006 1006 1006 1006
Jerry 1007 1007 1007 1007 1007 1007 1007 1007
Jerry 1008 1008 1008 1008 1008 1008 1008 1008
Jerry 1009 1009 1009 1009 1009 1009 1009 1009
Jerry 101 101 101 101 101 101 101 101
Jerry 1010 1010 1010 1010 1010 1010 1010 1010
Jerry 1011 1011 1011 1011 1011 1011 1011 1011
Jerry 1012 1012 1012 1012 1012 1012 1012 1012
Jerry 1013 1013 1013 1013 1013 1013 1013 1013
Jerry 1014 1014 1014 1014 1014 1014 1014 1014
Jerry 1015 1015 1015 1015 1015 1015 1015 1015
Jerry 1016 1016 1016 1016 1016 1016 1016 1016
Jerry 1017 1017 1017 1017 1017 1017 1017 1017
Jerry 1018 1018 1018 1018 1018 1018 1018 1018
Jerry 1019 1019 1019 1019 1019 1019 1019 1019
Jerry 102 102 102 102 102 102 102 102
Jerry 1020 1020 1020 1020 1020 1020 1020 1020
Jerry 1021 1021 1021 1021 1021 1021 1021 1021
Jerry 1022 1022 1022 1022 1022 1022 1022 1022
Jerry 1023 1023 1023 1023 1023 1023 1023 1023
Jerry 1024 1024 1024 1024 1024 1024 1024 1024
Jerry 1025 1025 1025 1025 1025 1025 1025 1025
Jerry 1026 1026 1026 1026 1026 1026 1026 1026
Jerry 1027 1027 1027 1027 1027 1027 1027 1027
Jerry 1028 1028 1028 1028 1028 1028 1028 1028
Jerry 1029 1029 1029 1029 1029 1029 1029 1029
Jerry 103 103 103 103 103 103 103 103
Jerry 1030 1030 1030 1030 1030 1030 1030 1030
Jerry 1031 1031 1031 1031 1031 1031 1031 1031
Jerry 1032 1032 1032 1032 1032 1032 1032 1032
Jerry 1033 1033 1033 1033 1033 1033 1033 1033
Jerry 1034 1034 1034 1034 1034 1034 1034 1034
Jerry 1035 1035 1035 1035 1035 1035 1035 1035
Jerry 1036 1036 1036 1036 1036 1036 1036 1036
Jerry 1037 1037 1037 1037 1037 1037 1037 1037
Jerry 1038 1038 1038 1038 1038 1038 1038 1038
Jerry 1039 1039 1039 1039 1039 1039 1039 1039
Jerry 104 104 104 104 104 104 104 104
Jerry 1040 1040 1040 1040 1040 1040 1040 1040
Jerry 1041 1041 1041 1041 1041 1041 1041 1041
Jerry 1042 1042 1042 1042 1042 1042 1042 1042
Jerry 1043 1043 1043 1043 1043 1043 1043 1043
Jerry 1044 1044 1044 1044 1044 1044 1044 1044
Jerry 1045 1045 1045 1045 1045 1045 1045 1045
Jerry 1046 1046 1046 1046 1046 1046 1046 1046
Jerry 1047 1047 1047 1047 1047 1047 1047 1047
Jerry 1048 1048 1048 1048 1048 1048 1048 1048
Jerry 1049 1049 1049 1049 1049 1049 1049 1049
Jerry 105 105 105 105 105 105 105 105
Jerry 1050 1050 1050 1050 1050 1050 1050 1050
Jerry 1051 1051 1051 1051 1051 1051 1051 1051
Jerry 1052 1052 1052 1052 1052 1052 1052 1052
Jerry 1053 1053 1053 1053 1053 1053 1053 1053
Jerry 1054 1054 1054 1054 1054 1054 1054 1054
Jerry 1055 1055 1055 1055 1055 1055 1055 1055
Jerry 1056 1056 1056 1056 1056 1056 1056 1056
Jerry 1057 1057 1057 1057 1057 1057 1057 1057
Jerry 1058 1058 1058 1058 1058 1058 1058 1058
Jerry 1059 1059 1059 1059 1059 1059 1059 1059
Jerry 106 106 106 106 106 106 106 106
Jerry 1060 1060 1060 1060 1060 1060 1060 1060
Jerry 1061 1061 1061 1061 1061 1061 1061 1061
Jerry 1062 1062 1062 1062 1062 1062 1062 1062
Jerry 1063 1063 1063 1063 1063 1063 1063 1063
Jerry 1064 1064 1064 1064 1064 1064 1064 1064
Jerry 1065 1065 1065 1065 1065 1065 1065 1065
Jerry 1066 1066 1066 1066 1066 1066 1066 1066
Jerry 1067 1067 1067 1067 1067 1067 1067 1067
Jerry 1068 1068 1068 1068 1068 1068 1068 1068
Jerry 1069 1069 1069 1069 1069 1069 1069 1069
Jerry 107 107 107 107 107 107 107 107
Jerry 1070 1070 1070 1070 1070 1070 1070 1070
Jerry 1071 1071 1071 1071 1071 1071 1071 1071
Jerry 1072 1072 1072 1072 1072 1072 1072 1072
Jerry 1073 1073 1073 1073 1073 1073 1073 1073
Jerry 1074 1074 1074 1074 1074 1074 1074 1074
Jerry 1075 1075 1075 1075 1075 1075 1075 1075
Jerry 1076 1076 1076 1076 1076 1076 1076 1076
Jerry 1077 1077 1077 1077 1077 1077 1077 1077
Jerry 1078 1078 1078 1078 1078 1078 1078 1078
Jerry 1079 1079 1079 1079 1079 1079 1079 1079
Jerry 108 108 108 108 108 108 108 108
Jerry 1080 1080 1080 1080 1080 1080 1080 1080
Jerry 1081 1081 1081 1081 1081 1081 1081 1081
Jerry 1082 1082 1082 1082 1082 1082 1082 1082
Jerry 1083 1083 1083 1083 1083 1083 1083 1083
Jerry 1084 1084 1084 1084 1084 1084 1084 1084
Jerry 1085 1085 1085 1085 1085 1085 1085 1085
Jerry 1086 1086 1086 1086 1086 1086 1086 1086
Jerry 1087 1087 1087 1087 1087 1087 1087 1087
Jerry 1088 1088 1088 1088 1088 1088 1088 1088
Jerry 1089 1089 1089 1089 1089 1089 1089 1089
Jerry 109 109 109 109 109 109 109 109
Jerry 1090 1090 1090 1090 1090 1090 1090 1090
Jerry 1091 1091 1091 1091 1091 1091 1091 1091
Jerry 1092 1092 1092 1092 1092 1092 1092 1092
Jerry 1093 1093 1093 1093 1093 1093 1093 1093
Jerry 1094 1094 1094 1094 1094 1094 1094 1094
Jerry 1095 1095 1095 1095 1095 1095 1095 1095
Jerry 1096 1096 1096 1096 1096 1096 1096 1096
Jerry 1097 1097 1097 1097 1097 1097 1097 1097
Jerry 1098 1098 1098 1098 1098 1098 1098 1098
Jerry 1099 1099 1099 1099 1099 1099 1099 1099
Jerry 11 11 11 11 11 11 11 11
Jerry 110 110 110 110 110 110 110 110
Jerry 1100 1100 1100 1100 1100 1100 1100 1100
Jerry 1101 1101 1101 1101 1101 1101 1101 1101
Jerry 1102 1102 1102 1102 1102 1102 1102 1102
Jerry 1103 1103 1103 1103 1103 1103 1103 1103
Jerry 1104 1104 1104 1104 1104 1104 1104 1104
Jerry 1105 1105 1105 1105 1105 1105 1105 1105
Jerry 1106 1106 1106 1106 1106 1106 1106 1106
Jerry 1107 1107 1107 1107 1107 1107 1107 1107
Jerry 1108 1108 1108 1108 1108 1108 1108 1108
Jerry 1109 1109 1109 1109 1109 1109 1109 1109
Jerry 111 111 111 111 111 111 111 111
Jerry 1110 1110 1110 1110 1110 1110 1110 1110
Jerry 1111 1111 1111 1111 1111 1111 1111 1111
Jerry 1112 1112 1112 1112 1112 1112 1112 1112
Jerry 1113 1113 1113 1113 1113 1113 1113 1113
Jerry 1114 1114 1114 1114 1114 1114 1114 1114
Jerry 1115 1115 1115 1115 1115 1115 1115 1115
Jerry 1116 1116 1116 1116 1116 1116 1116 1116
Jerry 1117 1117 1117 1117 1117 1117 1117 1117
Jerry 1118 1118 1118 1118 1118 1118 1118 1118
Jerry 1119 1119 1119 1119 1119 1119 1119 1119
Jerry 112 112 112 112 112 112 112 112
Jerry 1120 1120 1120 1120 1120 1120 1120 1120
Jerry 1121 1121 1121 1121 1121 1121 1121 1121
Jerry 1122 1122 1122 1122 1122 1122 1122 1122
Jerry 1123 1123 1123 1123 1123 1123 1123 1123
Jerry 1124 1124 1124 1124 1124 1124 1124 1124
Jerry 1125 1125 1125 1125 1125 1125 1125 1125
Jerry 1126 1126 1126 1126 1126 1126 1126 1126
Jerry 1127 1127 1127 1127 1127 1127 1127 1127
Jerry 1128 1128 1128 1128 1128 1128 1128 1128
Jerry 1129 1129 1129 1129 1129 1129 1129 1129
Jerry 113 113 113 113 113 113 113 113
Jerry 1130 1130 1130 1130 1130 1130 1130 1130
Jerry 1131 1131 1131 1131 1131 1131 1131 1131
Jerry 1132 1132 1132 1132 1132 1132 1132 1132
Jerry 1133 1133 1133 1133 1133 1133 1133 1133
Jerry 1134 1134 1134 1134 1134 1134 1134 1134
Jerry 1135 1135 1135 1135 1135 1135 1135 1135
Jerry 1136 1136 1136 1136 1136 1136 1136 1136
Jerry 1137 1137 1137 1137 1137 1137 1137 1137
Jerry 1138 1138 1138 1138 1138 1138 1138 1138
Jerry 1139 1139 1139 1139 1139 1139 1139 1139
Jerry 114 114 114 114 114 114 114 114
Jerry 1140 1140 1140 1140 1140 1140 1140 1140
Jerry 1141 1141 1141 1141 1141 1141 1141 1141
Jerry 1142 1142 1142 1142 1142 1142 1142 1142
Jerry 1143 1143 1143 1143 1143 1143 1143 1143
Jerry 1144 1144 1144 1144 1144 1144 1144 1144
Jerry 1145 1145 1145 1145 1145 1145 1145 1145
Jerry 1146 1146 1146 1146 1146 1146 1146 1146
Jerry 1147 1147 1147 1147 1147 1147 1147 1147
Jerry 1148 1148 1148 1148 1148 1148 1148 1148
Jerry 1149 1149 1149 1149 1149 1149 1149 1149
Jerry 115 115 115 115 115 115 115 115
Jerry 1150 1150 1150 1150 1150 1150 1150 1150
Jerry 1151 1151 1151 1151 1151 1151 1151 1151
Jerry 1152 1152 1152 1152 1152 1152 1152 1152
Jerry 1153 1153 1153 1153 1153 1153 1153 1153
Jerry 1154 1154 1154 1154 1154 1154 1154 1154
Jerry 1155 1155 1155 1155 1155 1155 1155 1155
Jerry 1156 1156 1156 1156 1156 1156 1156 1156
Jerry 1157 1157 1157 1157 1157 1157 1157 1157
Jerry 1158 1158 1158 1158 1158 1158 1158 1158
Jerry 1159 1159 1159 1159 1159 1159 1159 1159
Jerry 116 116 116 116 116 116 116 116
Jerry 1160 1160 1160 1160 1160 1160 1160 1160
Jerry 1161 1161 1161 1161 1161 1161 1161 1161
Jerry 1162 1162 1162 1162 1162 1162 1162 1162
Jerry 1163 1163 1163 1163 1163 1163 1163 1163
Jerry 1164 1164 1164 1164 1164 1164 1164 1164
Jerry 1165 1165 1165 1165 1165 1165 1165 1165
Jerry 1166 1166 1166 1166 1166 1166 1166 1166
Jerry 1167 1167 1167 1167 1167 1167 1167 1167
Jerry 1168 1168 1168 1168 1168 1168 1168 1168
Jerry 1169 1169 1169 1169 1169 1169 1169 1169
Jerry 117 117 117 117 117 117 117 117
Jerry 1170 1170 1170 1170 1170 1170 1170 1170
Jerry 1171 1171 1171 1171 1171 1171 1171 1171
Jerry 1172 1172 1172 1172 1172 1172 1172 1172
Jerry 1173 1173 1173 1173 1173 1173 1173 1173
Jerry 1174 1174 1174 1174 1174 1174 1174 1174
Jerry 1175 1175 1175 1175 1175 1175 1175 1175
Jerry 1176 1176 1176 1176 1176 1176 1176 1176
Jerry 1177 1177 1177 1177 1177 1177 1177 1177
Jerry 1178 1178 1178 1178 1178 1178 1178 1178
Jerry 1179 1179 1179 1179 1179 1179 1179 1179
Jerry 118 118 118 118 118 118 118 118
Jerry 1180 1180 1180 1180 1180 1180 1180 1180
Jerry 1181 1181 1181 1181 1181 1181 1181 1181
Jerry 1182 1182 1182 1182 1182 1182 1182 1182
Jerry 1183 1183 1183 1183 1183 1183 1183 1183
Jerry 1184 1184 1184 1184 1184 1184 1184 1184
Jerry 119 119 119 119 119 119 119 119
Jerry 12 12 12 12 12 12 12 12
Jerry 120 120 120 120 120 120 120 120
Jerry 121 121 121 121 121 121 121 121
Jerry 122 122 122 122 122 122 122 122
Jerry 123 123 123 123 123 123 123 123
Jerry 123 123 123 123 123 123 123 123
Jerry 124 124 124 124 124 124 124 124
Jerry 125 125 125 125 125 125 125 125
Jerry 126 126 126 126 126 126 126 126
Jerry 127 127 127 127 127 127 127 127
Jerry 128 128 128 128 128 128 128 128
Jerry 129 129 129 129 129 129 129 129
Jerry 13 13 13 13 13 13 13 13
Jerry 130 130 130 130 130 130 130 130
Jerry 131 131 131 131 131 131 131 131
Jerry 132 132 132 132 132 132 132 132
Jerry 133 133 133 133 133 133 133 133
Jerry 134 134 134 134 134 134 134 134
Jerry 135 135 135 135 135 135 135 135
Jerry 136 136 136 136 136 136 136 136
Jerry 137 137 137 137 137 137 137 137
Jerry 138 138 138 138 138 138 138 138
Jerry 139 139 139 139 139 139 139 139
Jerry 14 14 14 14 14 14 14 14
Jerry 140 140 140 140 140 140 140 140
Jerry 141 141 141 141 141 141 141 141
Jerry 142 142 142 142 142 142 142 142
Jerry 143 143 143 143 143 143 143 143
Jerry 144 144 144 144 144 144 144 144
Jerry 145 145 145 145 145 145 145 145
Jerry 146 146 146 146 146 146 146 146
Jerry 147 147 147 147 147 147 147 147
Jerry 148 148 148 148 148 148 148 148
Jerry 149 149 149 149 149 149 149 149
Jerry 15 15 15 15 15 15 15 15
Jerry 150 150 150 150 150 150 150 150
Jerry 151 151 151 151 151 151 151 151
Jerry 152 152 152 152 152 152 152 152
Jerry 153 153 153 153 153 153 153 153
Jerry 154 154 154 154 154 154 154 154
Jerry 155 155 155 155 155 155 155 155
Jerry 156 156 156 156 156 156 156 156
Jerry 157 157 157 157 157 157 157 157
Jerry 158 158 158 158 158 158 158 158
Jerry 159 159 159 159 159 159 159 159
Jerry 16 16 16 16 16 16 16 16
Jerry 160 160 160 160 160 160 160 160
Jerry 161 161 161 161 161 161 161 161
Jerry 162 162 162 162 162 162 162 162
Jerry 163 163 163 163 163 163 163 163
Jerry 164 164 164 164 164 164 164 164
Jerry 165 165 165 165 165 165 165 165
Jerry 166 166 166 166 166 166 166 166
Jerry 167 167 167 167 167 167 167 167
Jerry 168 168 168 168 168 168 168 168
Jerry 169 169 169 169 169 169 169 169
Jerry 17 17 17 17 17 17 17 17
Jerry 170 170 170 170 170 170 170 170
Jerry 171 171 171 171 171 171 171 171
Jerry 172 172 172 172 172 172 172 172
Jerry 173 173 173 173 173 173 173 173
Jerry 174 174 174 174 174 174 174 174
Jerry 175 175 175 175 175 175 175 175
Jerry 176 176 176 176 176 176 176 176
Jerry 177 177 177 177 177 177 177 177
Jerry 178 178 178 178 178 178 178 178
Jerry 179 179 179 179 179 179 179 179
Jerry 18 18 18 18 18 18 18 18
Jerry 180 180 180 180 180 180 180 180
Jerry 181 181 181 181 181 181 181 181
Jerry 182 182 182 182 182 182 182 182
Jerry 183 183 183 183 183 183 183 183
Jerry 184 184 184 184 184 184 184 184
Jerry 185 185 185 185 185 185 185 185
Jerry 186 186 186 186 186 186 186 186
Jerry 187 187 187 187 187 187 187 187
Jerry 188 188 188 188 188 188 188 188
Jerry 189 189 189 189 189 189 189 189
Jerry 19 19 19 19 19 19 19 19
Jerry 190 190 190 190 190 190 190 190
Jerry 191 191 191 191 191 191 191 191
Jerry 192 192 192 192 192 192 192 192
Jerry 193 193 193 193 193 193 193 193
Jerry 194 194 194 194 194 194 194 194
Jerry 195 195 195 195 195 195 195 195
Jerry 196 196 196 196 196 196 196 196
Jerry 197 197 197 197 197 197 197 197
Jerry 198 198 198 198 198 198 198 198
Jerry 199 199 199 199 199 199 199 199
Jerry 2 2 2 2 2 2 2 2
Jerry 20 20 20 20 20 20 20 20
Jerry 200 200 200 200 200 200 200 200
Jerry 201 201 201 201 201 201 201 201
Jerry 202 202 202 202 202 202 202 202
Jerry 203 203 203 203 203 203 203 203
Jerry 204 204 204 204 204 204 204 204
Jerry 205 205 205 205 205 205 205 205
Jerry 206 206 206 206 206 206 206 206
Jerry 207 207 207 207 207 207 207 207
Jerry 208 208 208 208 208 208 208 208
Jerry 209 209 209 209 209 209 209 209
Jerry 21 21 21 21 21 21 21 21
Jerry 210 210 210 210 210 210 210 210
Jerry 211 211 211 211 211 211 211 211
Jerry 212 212 212 212 212 212 212 212
Jerry 213 213 213 213 213 213 213 213
Jerry 214 214 214 214 214 214 214 214
Jerry 215 215 215 215 215 215 215 215
Jerry 216 216 216 216 216 216 216 216
Jerry 217 217 217 217 217 217 217 217
Jerry 218 218 218 218 218 218 218 218
Jerry 219 219 219 219 219 219 219 219
Jerry 22 22 22 22 22 22 22 22
Jerry 220 220 220 220 220 220 220 220
Jerry 221 221 221 221 221 221 221 221
Jerry 222 222 222 222 222 222 222 222
Jerry 223 223 223 223 223 223 223 223
Jerry 224 224 224 224 224 224 224 224
Jerry 225 225 225 225 225 225 225 225
Jerry 226 226 226 226 226 226 226 226
Jerry 227 227 227 227 227 227 227 227
Jerry 228 228 228 228 228 228 228 228
Jerry 229 229 229 229 229 229 229 229
Jerry 23 23 23 23 23 23 23 23
Jerry 230 230 230 230 230 230 230 230
Jerry 231 231 231 231 231 231 231 231
Jerry 232 232 232 232 232 232 232 232
Jerry 233 233 233 233 233 233 233 233
Jerry 234 234 234 234 234 234 234 234
Jerry 235 235 235 235 235 235 235 235
Jerry 236 236 236 236 236 236 236 236
Jerry 237 237 237 237 237 237 237 237
Jerry 238 238 238 238 238 238 238 238
Jerry 239 239 239 239 239 239 239 239
Jerry 24 24 24 24 24 24 24 24
Jerry 240 240 240 240 240 240 240 240
Jerry 241 241 241 241 241 241 241 241
Jerry 242 242 242 242 242 242 242 242
Jerry 243 243 243 243 243 243 243 243
Jerry 244 244 244 244 244 244 244 244
Jerry 245 245 245 245 245 245 245 245
Jerry 246 246 246 246 246 246 246 246
Jerry 247 247 247 247 247 247 247 247
Jerry 248 248 248 248 248 248 248 248
Jerry 249 249 249 249 249 249 249 249
Jerry 25 25 25 25 25 25 25 25
Jerry 250 250 250 250 250 250 250 250
Jerry 251 251 251 251 251 251 251 251
Jerry 252 252 252 252 252 252 252 252
Jerry 253 253 253 253 253 253 253 253
Jerry 254 254 254 254 254 254 254 254
Jerry 255 255 255 255 255 255 255 255
Jerry 256 256 256 256 256 256 256 256
Jerry 257 257 257 257 257 257 257 257
Jerry 258 258 258 258 258 258 258 258
Jerry 259 259 259 259 259 259 259 259
Jerry 26 26 26 26 26 26 26 26
Jerry 260 260 260 260 260 260 260 260
Jerry 261 261 261 261 261 261 261 261
Jerry 262 262 262 262 262 262 262 262
Jerry 263 263 263 263 263 263 263 263
Jerry 264 264 264 264 264 264 264 264
Jerry 265 265 265 265 265 265 265 265
Jerry 266 266 266 266 266 266 266 266
Jerry 267 267 267 267 267 267 267 267
Jerry 268 268 268 268 268 268 268 268
Jerry 269 269 269 269 269 269 269 269
Jerry 27 27 27 27 27 27 27 27
Jerry 270 270 270 270 270 270 270 270
Jerry 271 271 271 271 271 271 271 271
Jerry 272 272 272 272 272 272 272 272
Jerry 273 273 273 273 273 273 273 273
Jerry 274 274 274 274 274 274 274 274
Jerry 275 275 275 275 275 275 275 275
Jerry 276 276 276 276 276 276 276 276
Jerry 277 277 277 277 277 277 277 277
Jerry 278 278 278 278 278 278 278 278
Jerry 279 279 279 279 279 279 279 279
Jerry 28 28 28 28 28 28 28 28
Jerry 280 280 280 280 280 280 280 280
Jerry 281 281 281 281 281 281 281 281
Jerry 282 282 282 282 282 282 282 282
Jerry 283 283 283 283 283 283 283 283
Jerry 284 284 284 284 284 284 284 284
Jerry 285 285 285 285 285 285 285 285
Jerry 286 286 286 286 286 286 286 286
Jerry 287 287 287 287 287 287 287 287
Jerry 288 288 288 288 288 288 288 288
Jerry 289 289 289 289 289 289 289 289
Jerry 29 29 29 29 29 29 29 29
Jerry 290 290 290 290 290 290 290 290
Jerry 291 291 291 291 291 291 291 291
Jerry 292 292 292 292 292 292 292 292
Jerry 293 293 293 293 293 293 293 293
Jerry 294 294 294 294 294 294 294 294
Jerry 295 295 295 295 295 295 295 295
Jerry 296 296 296 296 296 296 296 296
Jerry 297 297 297 297 297 297 297 297
Jerry 298 298 298 298 298 298 298 298
Jerry 299 299 299 299 299 299 299 299
Jerry 3 3 3 3 3 3 3 3
Jerry 30 30 30 30 30 30 30 30
Jerry 300 300 300 300 300 300 300 300
Jerry 301 301 301 301 301 301 301 301
Jerry 302 302 302 302 302 302 302 302
Jerry 303 303 303 303 303 303 303 303
Jerry 304 304 304 304 304 304 304 304
Jerry 305 305 305 305 305 305 305 305
Jerry 306 306 306 306 306 306 306 306
Jerry 307 307 307 307 307 307 307 307
Jerry 308 308 308 308 308 308 308 308
Jerry 309 309 309 309 309 309 309 309
Jerry 31 31 31 31 31 31 31 31
Jerry 310 310 310 310 310 310 310 310
Jerry 311 311 311 311 311 311 311 311
Jerry 312 312 312 312 312 312 312 312
Jerry 313 313 313 313 313 313 313 313
Jerry 314 314 314 314 314 314 314 314
Jerry 315 315 315 315 315 315 315 315
Jerry 316 316 316 316 316 316 316 316
Jerry 317 317 317 317 317 317 317 317
Jerry 318 318 318 318 318 318 318 318
Jerry 319 319 319 319 319 319 319 319
Jerry 32 32 32 32 32 32 32 32
Jerry 320 320 320 320 320 320 320 320
Jerry 321 321 321 321 321 321 321 321
Jerry 322 322 322 322 322 322 322 322
Jerry 323 323 323 323 323 323 323 323
Jerry 324 324 324 324 324 324 324 324
Jerry 325 325 325 325 325 325 325 325
Jerry 326 326 326 326 326 326 326 326
Jerry 327 327 327 327 327 327 327 327
Jerry 328 328 328 328 328 328 328 328
Jerry 329 329 329 329 329 329 329 329
Jerry 33 33 33 33 33 33 33 33
Jerry 330 330 330 330 330 330 330 330
Jerry 331 331 331 331 331 331 331 331
Jerry 332 332 332 332 332 332 332 332
Jerry 333 333 333 333 333 333 333 333
Jerry 334 334 334 334 334 334 334 334
Jerry 335 335 335 335 335 335 335 335
Jerry 336 336 336 336 336 336 336 336
Jerry 337 337 337 337 337 337 337 337
Jerry 338 338 338 338 338 338 338 338
Jerry 339 339 339 339 339 339 339 339
Jerry 34 34 34 34 34 34 34 34
Jerry 340 340 340 340 340 340 340 340
Jerry 341 341 341 341 341 341 341 341
Jerry 342 342 342 342 342 342 342 342
Jerry 343 343 343 343 343 343 343 343
Jerry 344 344 344 344 344 344 344 344
Jerry 345 345 345 345 345 345 345 345
Jerry 346 346 346 346 346 346 346 346
Jerry 347 347 347 347 347 347 347 347
Jerry 348 348 348 348 348 348 348 348
Jerry 349 349 349 349 349 349 349 349
Jerry 35 35 35 35 35 35 35 35
Jerry 350 350 350 350 350 350 350 350
Jerry 351 351 351 351 351 351 351 351
Jerry 352 352 352 352 352 352 352 352
Jerry 353 353 353 353 353 353 353 353
Jerry 354 354 354 354 354 354 354 354
Jerry 355 355 355 355 355 355 355 355
Jerry 356 356 356 356 356 356 356 356
Jerry 357 357 357 357 357 357 357 357
Jerry 358 358 358 358 358 358 358 358
Jerry 359 359 359 359 359 359 359 359
Jerry 36 36 36 36 36 36 36 36
Jerry 360 360 360 360 360 360 360 360
Jerry 361 361 361 361 361 361 361 361
Jerry 362 362 362 362 362 362 362 362
Jerry 363 363 363 363 363 363 363 363
Jerry 364 364 364 364 364 364 364 364
Jerry 365 365 365 365 365 365 365 365
Jerry 366 366 366 366 366 366 366 366
Jerry 367 367 367 367 367 367 367 367
Jerry 368 368 368 368 368 368 368 368
Jerry 369 369 369 369 369 369 369 369
Jerry 37 37 37 37 37 37 37 37
Jerry 370 370 370 370 370 370 370 370
Jerry 371 371 371 371 371 371 371 371
Jerry 372 372 372 372 372 372 372 372
Jerry 373 373 373 373 373 373 373 373
Jerry 374 374 374 374 374 374 374 374
Jerry 375 375 375 375 375 375 375 375
Jerry 376 376 376 376 376 376 376 376
Jerry 377 377 377 377 377 377 377 377
Jerry 378 378 378 378 378 378 378 378
Jerry 379 379 379 379 379 379 379 379
Jerry 38 38 38 38 38 38 38 38
Jerry 380 380 380 380 380 380 380 380
Jerry 381 381 381 381 381 381 381 381
Jerry 382 382 382 382 382 382 382 382
Jerry 383 383 383 383 383 383 383 383
Jerry 384 384 384 384 384 384 384 384
Jerry 385 385 385 385 385 385 385 385
Jerry 386 386 386 386 386 386 386 386
Jerry 387 387 387 387 387 387 387 387
Jerry 388 388 388 388 388 388 388 388
Jerry 389 389 389 389 389 389 389 389
Jerry 39 39 39 39 39 39 39 39
Jerry 390 390 390 390 390 390 390 390
Jerry 391 391 391 391 391 391 391 391
Jerry 392 392 392 392 392 392 392 392
Jerry 393 393 393 393 393 393 393 393
Jerry 394 394 394 394 394 394 394 394
Jerry 395 395 395 395 395 395 395 395
Jerry 396 396 396 396 396 396 396 396
Jerry 397 397 397 397 397 397 397 397
Jerry 398 398 398 398 398 398 398 398
Jerry 399 399 399 399 399 399 399 399
Jerry 4 4 4 4 4 4 4 4
Jerry 40 40 40 40 40 40 40 40
Jerry 400 400 400 400 400 400 400 400
Jerry 401 401 401 401 401 401 401 401
Jerry 402 402 402 402 402 402 402 402
Jerry 403 403 403 403 403 403 403 403
Jerry 404 404 404 404 404 404 404 404
Jerry 405 405 405 405 405 405 405 405
Jerry 406 406 406 406 406 406 406 406
Jerry 407 407 407 407 407 407 407 407
Jerry 408 408 408 408 408 408 408 408
Jerry 409 409 409 409 409 409 409 409
Jerry 41 41 41 41 41 41 41 41
Jerry 410 410 410 410 410 410 410 410
Jerry 411 411 411 411 411 411 411 411
Jerry 412 412 412 412 412 412 412 412
Jerry 413 413 413 413 413 413 413 413
Jerry 414 414 414 414 414 414 414 414
Jerry 415 415 415 415 415 415 415 415
Jerry 416 416 416 416 416 416 416 416
Jerry 417 417 417 417 417 417 417 417
Jerry 418 418 418 418 418 418 418 418
Jerry 419 419 419 419 419 419 419 419
Jerry 42 42 42 42 42 42 42 42
Jerry 420 420 420 420 420 420 420 420
Jerry 421 421 421 421 421 421 421 421
Jerry 422 422 422 422 422 422 422 422
Jerry 423 423 423 423 423 423 423 423
Jerry 424 424 424 424 424 424 424 424
Jerry 425 425 425 425 425 425 425 425
Jerry 426 426 426 426 426 426 426 426
Jerry 427 427 427 427 427 427 427 427
Jerry 428 428 428 428 428 428 428 428
Jerry 429 429 429 429 429 429 429 429
Jerry 43 43 43 43 43 43 43 43
Jerry 430 430 430 430 430 430 430 430
Jerry 431 431 431 431 431 431 431 431
Jerry 432 432 432 432 432 432 432 432
Jerry 433 433 433 433 433 433 433 433
Jerry 434 434 434 434 434 434 434 434
Jerry 435 435 435 435 435 435 435 435
Jerry 436 436 436 436 436 436 436 436
Jerry 437 437 437 437 437 437 437 437
Jerry 438 438 438 438 438 438 438 438
Jerry 439 439 439 439 439 439 439 439
Jerry 44 44 44 44 44 44 44 44
Jerry 440 440 440 440 440 440 440 440
Jerry 441 441 441 441 441 441 441 441
Jerry 442 442 442 442 442 442 442 442
Jerry 443 443 443 443 443 443 443 443
Jerry 444 444 444 444 444 444 444 444
Jerry 445 445 445 445 445 445 445 445
Jerry 446 446 446 446 446 446 446 446
Jerry 447 447 447 447 447 447 447 447
Jerry 448 448 448 448 448 448 448 448
Jerry 449 449 449 449 449 449 449 449
Jerry 45 45 45 45 45 45 45 45
Jerry 450 450 450 450 450 450 450 450
Jerry 451 451 451 451 451 451 451 451
Jerry 452 452 452 452 452 452 452 452
Jerry 453 453 453 453 453 453 453 453
Jerry 454 454 454 454 454 454 454 454
Jerry 455 455 455 455 455 455 455 455
Jerry 456 456 456 456 456 456 456 456
Jerry 457 457 457 457 457 457 457 457
Jerry 458 458 458 458 458 458 458 458
Jerry 459 459 459 459 459 459 459 459
Jerry 46 46 46 46 46 46 46 46
Jerry 460 460 460 460 460 460 460 460
Jerry 461 461 461 461 461 461 461 461
Jerry 462 462 462 462 462 462 462 462
Jerry 463 463 463 463 463 463 463 463
Jerry 464 464 464 464 464 464 464 464
Jerry 465 465 465 465 465 465 465 465
Jerry 466 466 466 466 466 466 466 466
Jerry 467 467 467 467 467 467 467 467
Jerry 468 468 468 468 468 468 468 468
Jerry 469 469 469 469 469 469 469 469
Jerry 47 47 47 47 47 47 47 47
Jerry 470 470 470 470 470 470 470 470
Jerry 471 471 471 471 471 471 471 471
Jerry 472 472 472 472 472 472 472 472
Jerry 473 473 473 473 473 473 473 473
Jerry 474 474 474 474 474 474 474 474
Jerry 475 475 475 475 475 475 475 475
Jerry 476 476 476 476 476 476 476 476
Jerry 477 477 477 477 477 477 477 477
Jerry 478 478 478 478 478 478 478 478
Jerry 479 479 479 479 479 479 479 479
Jerry 48 48 48 48 48 48 48 48
Jerry 480 480 480 480 480 480 480 480
Jerry 481 481 481 481 481 481 481 481
Jerry 482 482 482 482 482 482 482 482
Jerry 483 483 483 483 483 483 483 483
Jerry 484 484 484 484 484 484 484 484
Jerry 485 485 485 485 485 485 485 485
Jerry 486 486 486 486 486 486 486 486
Jerry 487 487 487 487 487 487 487 487
Jerry 488 488 488 488 488 488 488 488
Jerry 489 489 489 489 489 489 489 489
Jerry 49 49 49 49 49 49 49 49
Jerry 490 490 490 490 490 490 490 490
Jerry 491 491 491 491 491 491 491 491
Jerry 492 492 492 492 492 492 492 492
Jerry 493 493 493 493 493 493 493 493
Jerry 494 494 494 494 494 494 494 494
Jerry 495 495 495 495 495 495 495 495
Jerry 496 496 496 496 496 496 496 496
Jerry 497 497 497 497 497 497 497 497
Jerry 498 498 498 498 498 498 498 498
Jerry 499 499 499 499 499 499 499 499
Jerry 5 5 5 5 5 5 5 5
Jerry 50 50 50 50 50 50 50 50
Jerry 500 500 500 500 500 500 500 500
Jerry 501 501 501 501 501 501 501 501
Jerry 502 502 502 502 502 502 502 502
Jerry 503 503 503 503 503 503 503 503
Jerry 504 504 504 504 504 504 504 504
Jerry 505 505 505 505 505 505 505 505
Jerry 506 506 506 506 506 506 506 506
Jerry 507 507 507 507 507 507 507 507
Jerry 508 508 508 508 508 508 508 508
Jerry 509 509 509 509 509 509 509 509
Jerry 51 51 51 51 51 51 51 51
Jerry 510 510 510 510 510 510 510 510
Jerry 511 511 511 511 511 511 511 511
Jerry 512 512 512 512 512 512 512 512
Jerry 513 513 513 513 513 513 513 513
Jerry 514 514 514 514 514 514 514 514
Jerry 515 515 515 515 515 515 515 515
Jerry 516 516 516 516 516 516 516 516
Jerry 517 517 517 517 517 517 517 517
Jerry 518 518 518 518 518 518 518 518
Jerry 519 519 519 519 519 519 519 519
Jerry 52 52 52 52 52 52 52 52
Jerry 520 520 520 520 520 520 520 520
Jerry 521 521 521 521 521 521 521 521
Jerry 522 522 522 522 522 522 522 522
Jerry 523 523 523 523 523 523 523 523
Jerry 524 524 524 524 524 524 524 524
Jerry 525 525 525 525 525 525 525 525
Jerry 526 526 526 526 526 526 526 526
Jerry 527 527 527 527 527 527 527 527
Jerry 528 528 528 528 528 528 528 528
Jerry 529 529 529 529 529 529 529 529
Jerry 53 53 53 53 53 53 53 53
Jerry 530 530 530 530 530 530 530 530
Jerry 531 531 531 531 531 531 531 531
Jerry 532 532 532 532 532 532 532 532
Jerry 533 533 533 533 533 533 533 533
Jerry 534 534 534 534 534 534 534 534
Jerry 535 535 535 535 535 535 535 535
Jerry 536 536 536 536 536 536 536 536
Jerry 537 537 537 537 537 537 537 537
Jerry 538 538 538 538 538 538 538 538
Jerry 539 539 539 539 539 539 539 539
Jerry 54 54 54 54 54 54 54 54
Jerry 540 540 540 540 540 540 540 540
Jerry 541 541 541 541 541 541 541 541
Jerry 542 542 542 542 542 542 542 542
Jerry 543 543 543 543 543 543 543 543
Jerry 544 544 544 544 544 544 544 544
Jerry 545 545 545 545 545 545 545 545
Jerry 546 546 546 546 546 546 546 546
Jerry 547 547 547 547 547 547 547 547
Jerry 548 548 548 548 548 548 548 548
Jerry 549 549 549 549 549 549 549 549
Jerry 55 55 55 55 55 55 55 55
Jerry 550 550 550 550 550 550 550 550
Jerry 551 551 551 551 551 551 551 551
Jerry 552 552 552 552 552 552 552 552
Jerry 553 553 553 553 553 553 553 553
Jerry 554 554 554 554 554 554 554 554
Jerry 555 555 555 555 555 555 555 555
Jerry 556 556 556 556 556 556 556 556
Jerry 557 557 557 557 557 557 557 557
Jerry 558 558 558 558 558 558 558 558
Jerry 559 559 559 559 559 559 559 559
Jerry 56 56 56 56 56 56 56 56
Jerry 560 560 560 560 560 560 560 560
Jerry 561 561 561 561 561 561 561 561
Jerry 562 562 562 562 562 562 562 562
Jerry 563 563 563 563 563 563 563 563
Jerry 564 564 564 564 564 564 564 564
Jerry 565 565 565 565 565 565 565 565
Jerry 566 566 566 566 566 566 566 566
Jerry 567 567 567 567 567 567 567 567
Jerry 568 568 568 568 568 568 568 568
Jerry 569 569 569 569 569 569 569 569
Jerry 57 57 57 57 57 57 57 57
Jerry 570 570 570 570 570 570 570 570
Jerry 571 571 571 571 571 571 571 571
Jerry 572 572 572 572 572 572 572 572
Jerry 573 573 573 573 573 573 573 573
Jerry 574 574 574 574 574 574 574 574
Jerry 575 575 575 575 575 575 575 575
Jerry 576 576 576 576 576 576 576 576
Jerry 577 577 577 577 577 577 577 577
Jerry 578 578 578 578 578 578 578 578
Jerry 579 579 579 579 579 579 579 579
Jerry 58 58 58 58 58 58 58 58
Jerry 580 580 580 580 580 580 580 580
Jerry 581 581 581 581 581 581 581 581
Jerry 582 582 582 582 582 582 582 582
Jerry 583 583 583 583 583 583 583 583
Jerry 584 584 584 584 584 584 584 584
Jerry 585 585 585 585 585 585 585 585
Jerry 586 586 586 586 586 586 586 586
Jerry 587 587 587 587 587 587 587 587
Jerry 588 588 588 588 588 588 588 588
Jerry 589 589 589 589 589 589 589 589
Jerry 59 59 59 59 59 59 59 59
Jerry 590 590 590 590 590 590 590 590
Jerry 591 591 591 591 591 591 591 591
Jerry 592 592 592 592 592 592 592 592
Jerry 593 593 593 593 593 593 593 593
Jerry 594 594 594 594 594 594 594 594
Jerry 595 595 595 595 595 595 595 595
Jerry 596 596 596 596 596 596 596 596
Jerry 597 597 597 597 597 597 597 597
Jerry 598 598 598 598 598 598 598 598
Jerry 599 599 599 599 599 599 599 599
Jerry 6 6 6 6 6 6 6 6
Jerry 60 60 60 60 60 60 60 60
Jerry 600 600 600 600 600 600 600 600
Jerry 601 601 601 601 601 601 601 601
Jerry 602 602 602 602 602 602 602 602
Jerry 603 603 603 603 603 603 603 603
Jerry 604 604 604 604 604 604 604 604
Jerry 605 605 605 605 605 605 605 605
Jerry 606 606 606 606 606 606 606 606
Jerry 607 607 607 607 607 607 607 607
Jerry 608 608 608 608 608 608 608 608
Jerry 609 609 609 609 609 609 609 609
Jerry 61 61 61 61 61 61 61 61
Jerry 610 610 610 610 610 610 610 610
Jerry 611 611 611 611 611 611 611 611
Jerry 612 612 612 612 612 612 612 612
Jerry 613 613 613 613 613 613 613 613
Jerry 614 614 614 614 614 614 614 614
Jerry 615 615 615 615 615 615 615 615
Jerry 616 616 616 616 616 616 616 616
Jerry 617 617 617 617 617 617 617 617
Jerry 618 618 618 618 618 618 618 618
Jerry 619 619 619 619 619 619 619 619
Jerry 62 62 62 62 62 62 62 62
Jerry 620 620 620 620 620 620 620 620
Jerry 621 621 621 621 621 621 621 621
Jerry 622 622 622 622 622 622 622 622
Jerry 623 623 623 623 623 623 623 623
Jerry 624 624 624 624 624 624 624 624
Jerry 625 625 625 625 625 625 625 625
Jerry 626 626 626 626 626 626 626 626
Jerry 627 627 627 627 627 627 627 627
Jerry 628 628 628 628 628 628 628 628
Jerry 629 629 629 629 629 629 629 629
Jerry 63 63 63 63 63 63 63 63
Jerry 630 630 630 630 630 630 630 630
Jerry 631 631 631 631 631 631 631 631
Jerry 632 632 632 632 632 632 632 632
Jerry 633 633 633 633 633 633 633 633
Jerry 634 634 634 634 634 634 634 634
Jerry 635 635 635 635 635 635 635 635
Jerry 636 636 636 636 636 636 636 636
Jerry 637 637 637 637 637 637 637 637
Jerry 638 638 638 638 638 638 638 638
Jerry 639 639 639 639 639 639 639 639
Jerry 64 64 64 64 64 64 64 64
Jerry 640 640 640 640 640 640 640 640
Jerry 641 641 641 641 641 641 641 641
Jerry 642 642 642 642 642 642 642 642
Jerry 643 643 643 643 643 643 643 643
Jerry 644 644 644 644 644 644 644 644
Jerry 645 645 645 645 645 645 645 645
Jerry 646 646 646 646 646 646 646 646
Jerry 647 647 647 647 647 647 647 647
Jerry 648 648 648 648 648 648 648 648
Jerry 649 649 649 649 649 649 649 649
Jerry 65 65 65 65 65 65 65 65
Jerry 650 650 650 650 650 650 650 650
Jerry 651 651 651 651 651 651 651 651
Jerry 652 652 652 652 652 652 652 652
Jerry 653 653 653 653 653 653 653 653
Jerry 654 654 654 654 654 654 654 654
Jerry 655 655 655 655 655 655 655 655
Jerry 656 656 656 656 656 656 656 656
Jerry 657 657 657 657 657 657 657 657
Jerry 658 658 658 658 658 658 658 658
Jerry 659 659 659 659 659 659 659 659
Jerry 66 66 66 66 66 66 66 66
Jerry 660 660 660 660 660 660 660 660
Jerry 661 661 661 661 661 661 661 661
Jerry 662 662 662 662 662 662 662 662
Jerry 663 663 663 663 663 663 663 663
Jerry 664 664 664 664 664 664 664 664
Jerry 665 665 665 665 665 665 665 665
Jerry 666 666 666 666 666 666 666 666
Jerry 667 667 667 667 667 667 667 667
Jerry 668 668 668 668 668 668 668 668
Jerry 669 669 669 669 669 669 669 669
Jerry 67 67 67 67 67 67 67 67
Jerry 670 670 670 670 670 670 670 670
Jerry 671 671 671 671 671 671 671 671
Jerry 672 672 672 672 672 672 672 672
Jerry 673 673 673 673 673 673 673 673
Jerry 674 674 674 674 674 674 674 674
Jerry 675 675 675 675 675 675 675 675
Jerry 676 676 676 676 676 676 676 676
Jerry 677 677 677 677 677 677 677 677
Jerry 678 678 678 678 678 678 678 678
Jerry 679 679 679 679 679 679 679 679
Jerry 68 68 68 68 68 68 68 68
Jerry 680 680 680 680 680 680 680 680
Jerry 681 681 681 681 681 681 681 681
Jerry 682 682 682 682 682 682 682 682
Jerry 683 683 683 683 683 683 683 683
Jerry 684 684 684 684 684 684 684 684
Jerry 685 685 685 685 685 685 685 685
Jerry 686 686 686 686 686 686 686 686
Jerry 687 687 687 687 687 687 687 687
Jerry 688 688 688 688 688 688 688 688
Jerry 689 689 689 689 689 689 689 689
Jerry 69 69 69 69 69 69 69 69
Jerry 690 690 690 690 690 690 690 690
Jerry 691 691 691 691 691 691 691 691
Jerry 692 692 692 692 692 692 692 692
Jerry 693 693 693 693 693 693 693 693
Jerry 694 694 694 694 694 694 694 694
Jerry 695 695 695 695 695 695 695 695
Jerry 696 696 696 696 696 696 696 696
Jerry 697 697 697 697 697 697 697 697
Jerry 698 698 698 698 698 698 698 698
Jerry 699 699 699 699 699 699 699 699
Jerry 7 7 7 7 7 7 7 7
Jerry 70 70 70 70 70 70 70 70
Jerry 700 700 700 700 700 700 700 700
Jerry 701 701 701 701 701 701 701 701
Jerry 702 702 702 702 702 702 702 702
Jerry 703 703 703 703 703 703 703 703
Jerry 704 704 704 704 704 704 704 704
Jerry 705 705 705 705 705 705 705 705
Jerry 706 706 706 706 706 706 706 706
Jerry 707 707 707 707 707 707 707 707
Jerry 708 708 708 708 708 708 708 708
Jerry 709 709 709 709 709 709 709 709
Jerry 71 71 71 71 71 71 71 71
Jerry 710 710 710 710 710 710 710 710
Jerry 711 711 711 711 711 711 711 711
Jerry 712 712 712 712 712 712 712 712
Jerry 713 713 713 713 713 713 713 713
Jerry 714 714 714 714 714 714 714 714
Jerry 715 715 715 715 715 715 715 715
Jerry 716 716 716 716 716 716 716 716
Jerry 717 717 717 717 717 717 717 717
Jerry 718 718 718 718 718 718 718 718
Jerry 719 719 719 719 719 719 719 719
Jerry 72 72 72 72 72 72 72 72
Jerry 720 720 720 720 720 720 720 720
Jerry 721 721 721 721 721 721 721 721
Jerry 722 722 722 722 722 722 722 722
Jerry 723 723 723 723 723 723 723 723
Jerry 724 724 724 724 724 724 724 724
Jerry 725 725 725 725 725 725 725 725
Jerry 726 726 726 726 726 726 726 726
Jerry 727 727 727 727 727 727 727 727
Jerry 728 728 728 728 728 728 728 728
Jerry 729 729 729 729 729 729 729 729
Jerry 73 73 73 73 73 73 73 73
Jerry 730 730 730 730 730 730 730 730
Jerry 731 731 731 731 731 731 731 731
Jerry 732 732 732 732 732 732 732 732
Jerry 733 733 733 733 733 733 733 733
Jerry 734 734 734 734 734 734 734 734
Jerry 735 735 735 735 735 735 735 735
Jerry 736 736 736 736 736 736 736 736
Jerry 737 737 737 737 737 737 737 737
Jerry 738 738 738 738 738 738 738 738
Jerry 739 739 739 739 739 739 739 739
Jerry 74 74 74 74 74 74 74 74
Jerry 740 740 740 740 740 740 740 740
Jerry 741 741 741 741 741 741 741 741
Jerry 742 742 742 742 742 742 742 742
Jerry 743 743 743 743 743 743 743 743
Jerry 744 744 744 744 744 744 744 744
Jerry 745 745 745 745 745 745 745 745
Jerry 746 746 746 746 746 746 746 746
Jerry 747 747 747 747 747 747 747 747
Jerry 748 748 748 748 748 748 748 748
Jerry 749 749 749 749 749 749 749 749
Jerry 75 75 75 75 75 75 75 75
Jerry 750 750 750 750 750 750 750 750
Jerry 751 751 751 751 751 751 751 751
Jerry 752 752 752 752 752 752 752 752
Jerry 753 753 753 753 753 753 753 753
Jerry 754 754 754 754 754 754 754 754
Jerry 755 755 755 755 755 755 755 755
Jerry 756 756 756 756 756 756 756 756
Jerry 757 757 757 757 757 757 757 757
Jerry 758 758 758 758 758 758 758 758
Jerry 759 759 759 759 759 759 759 759
Jerry 76 76 76 76 76 76 76 76
Jerry 760 760 760 760 760 760 760 760
Jerry 761 761 761 761 761 761 761 761
Jerry 762 762 762 762 762 762 762 762
Jerry 763 763 763 763 763 763 763 763
Jerry 764 764 764 764 764 764 764 764
Jerry 765 765 765 765 765 765 765 765
Jerry 766 766 766 766 766 766 766 766
Jerry 767 767 767 767 767 767 767 767
Jerry 768 768 768 768 768 768 768 768
Jerry 769 769 769 769 769 769 769 769
Jerry 77 77 77 77 77 77 77 77
Jerry 770 770 770 770 770 770 770 770
Jerry 771 771 771 771 771 771 771 771
Jerry 772 772 772 772 772 772 772 772
Jerry 773 773 773 773 773 773 773 773
Jerry 774 774 774 774 774 774 774 774
Jerry 775 775 775 775 775 775 775 775
Jerry 776 776 776 776 776 776 776 776
Jerry 777 777 777 777 777 777 777 777
Jerry 778 778 778 778 778 778 778 778
Jerry 779 779 779 779 779 779 779 779
Jerry 78 78 78 78 78 78 78 78
Jerry 780 780 780 780 780 780 780 780
Jerry 781 781 781 781 781 781 781 781
Jerry 782 782 782 782 782 782 782 782
Jerry 783 783 783 783 783 783 783 783
Jerry 784 784 784 784 784 784 784 784
Jerry 785 785 785 785 785 785 785 785
Jerry 786 786 786 786 786 786 786 786
Jerry 787 787 787 787 787 787 787 787
Jerry 788 788 788 788 788 788 788 788
Jerry 789 789 789 789 789 789 789 789
Jerry 79 79 79 79 79 79 79 79
Jerry 790 790 790 790 790 790 790 790
Jerry 791 791 791 791 791 791 791 791
Jerry 792 792 792 792 792 792 792 792
Jerry 793 793 793 793 793 793 793 793
Jerry 794 794 794 794 794 794 794 794
Jerry 795 795 795 795 795 795 795 795
Jerry 796 796 796 796 796 796 796 796
Jerry 797 797 797 797 797 797 797 797
Jerry 798 798 798 798 798 798 798 798
Jerry 799 799 799 799 799 799 799 799
Jerry 8 8 8 8 8 8 8 8
Jerry 80 80 80 80 80 80 80 80
Jerry 800 800 800 800 800 800 800 800
Jerry 801 801 801 801 801 801 801 801
Jerry 802 802 802 802 802 802 802 802
Jerry 803 803 803 803 803 803 803 803
Jerry 804 804 804 804 804 804 804 804
Jerry 805 805 805 805 805 805 805 805
Jerry 806 806 806 806 806 806 806 806
Jerry 807 807 807 807 807 807 807 807
Jerry 808 808 808 808 808 808 808 808
Jerry 809 809 809 809 809 809 809 809
Jerry 81 81 81 81 81 81 81 81
Jerry 810 810 810 810 810 810 810 810
Jerry 811 811 811 811 811 811 811 811
Jerry 812 812 812 812 812 812 812 812
Jerry 813 813 813 813 813 813 813 813
Jerry 814 814 814 814 814 814 814 814
Jerry 815 815 815 815 815 815 815 815
Jerry 816 816 816 816 816 816 816 816
Jerry 817 817 817 817 817 817 817 817
Jerry 818 818 818 818 818 818 818 818
Jerry 819 819 819 819 819 819 819 819
Jerry 82 82 82 82 82 82 82 82
Jerry 820 820 820 820 820 820 820 820
Jerry 821 821 821 821 821 821 821 821
Jerry 822 822 822 822 822 822 822 822
Jerry 823 823 823 823 823 823 823 823
Jerry 824 824 824 824 824 824 824 824
Jerry 825 825 825 825 825 825 825 825
Jerry 826 826 826 826 826 826 826 826
Jerry 827 827 827 827 827 827 827 827
Jerry 828 828 828 828 828 828 828 828
Jerry 829 829 829 829 829 829 829 829
Jerry 83 83 83 83 83 83 83 83
Jerry 830 830 830 830 830 830 830 830
Jerry 831 831 831 831 831 831 831 831
Jerry 832 832 832 832 832 832 832 832
Jerry 833 833 833 833 833 833 833 833
Jerry 834 834 834 834 834 834 834 834
Jerry 835 835 835 835 835 835 835 835
Jerry 836 836 836 836 836 836 836 836
Jerry 837 837 837 837 837 837 837 837
Jerry 838 838 838 838 838 838 838 838
Jerry 839 839 839 839 839 839 839 839
Jerry 84 84 84 84 84 84 84 84
Jerry 840 840 840 840 840 840 840 840
Jerry 841 841 841 841 841 841 841 841
Jerry 842 842 842 842 842 842 842 842
Jerry 843 843 843 843 843 843 843 843
Jerry 844 844 844 844 844 844 844 844
Jerry 845 845 845 845 845 845 845 845
Jerry 846 846 846 846 846 846 846 846
Jerry 847 847 847 847 847 847 847 847
Jerry 848 848 848 848 848 848 848 848
Jerry 849 849 849 849 849 849 849 849
Jerry 85 85 85 85 85 85 85 85
Jerry 850 850 850 850 850 850 850 850
Jerry 851 851 851 851 851 851 851 851
Jerry 852 852 852 852 852 852 852 852
Jerry 853 853 853 853 853 853 853 853
Jerry 854 854 854 854 854 854 854 854
Jerry 855 855 855 855 855 855 855 855
Jerry 856 856 856 856 856 856 856 856
Jerry 857 857 857 857 857 857 857 857
Jerry 858 858 858 858 858 858 858 858
Jerry 859 859 859 859 859 859 859 859
Jerry 86 86 86 86 86 86 86 86
Jerry 860 860 860 860 860 860 860 860
Jerry 861 861 861 861 861 861 861 861
Jerry 862 862 862 862 862 862 862 862
Jerry 863 863 863 863 863 863 863 863
Jerry 864 864 864 864 864 864 864 864
Jerry 865 865 865 865 865 865 865 865
Jerry 866 866 866 866 866 866 866 866
Jerry 867 867 867 867 867 867 867 867
Jerry 868 868 868 868 868 868 868 868
Jerry 869 869 869 869 869 869 869 869
Jerry 87 87 87 87 87 87 87 87
Jerry 870 870 870 870 870 870 870 870
Jerry 871 871 871 871 871 871 871 871
Jerry 872 872 872 872 872 872 872 872
Jerry 873 873 873 873 873 873 873 873
Jerry 874 874 874 874 874 874 874 874
Jerry 875 875 875 875 875 875 875 875
Jerry 876 876 876 876 876 876 876 876
Jerry 877 877 877 877 877 877 877 877
Jerry 878 878 878 878 878 878 878 878
Jerry 879 879 879 879 879 879 879 879
Jerry 88 88 88 88 88 88 88 88
Jerry 880 880 880 880 880 880 880 880
Jerry 881 881 881 881 881 881 881 881
Jerry 882 882 882 882 882 882 882 882
Jerry 883 883 883 883 883 883 883 883
Jerry 884 884 884 884 884 884 884 884
Jerry 885 885 885 885 885 885 885 885
Jerry 886 886 886 886 886 886 886 886
Jerry 887 887 887 887 887 887 887 887
Jerry 888 888 888 888 888 888 888 888
Jerry 889 889 889 889 889 889 889 889
Jerry 89 89 89 89 89 89 89 89
Jerry 890 890 890 890 890 890 890 890
Jerry 891 891 891 891 891 891 891 891
Jerry 892 892 892 892 892 892 892 892
Jerry 893 893 893 893 893 893 893 893
Jerry 894 894 894 894 894 894 894 894
Jerry 895 895 895 895 895 895 895 895
Jerry 896 896 896 896 896 896 896 896
Jerry 897 897 897 897 897 897 897 897
Jerry 898 898 898 898 898 898 898 898
Jerry 899 899 899 899 899 899 899 899
Jerry 9 9 9 9 9 9 9 9
Jerry 90 90 90 90 90 90 90 90
Jerry 900 900 900 900 900 900 900 900
Jerry 901 901 901 901 901 901 901 901
Jerry 902 902 902 902 902 902 902 902
Jerry 903 903 903 903 903 903 903 903
Jerry 904 904 904 904 904 904 904 904
Jerry 905 905 905 905 905 905 905 905
Jerry 906 906 906 906 906 906 906 906
Jerry 907 907 907 907 907 907 907 907
Jerry 908 908 908 908 908 908 908 908
Jerry 909 909 909 909 909 909 909 909
Jerry 91 91 91 91 91 91 91 91
Jerry 910 910 910 910 910 910 910 910
Jerry 911 911 911 911 911 911 911 911
Jerry 912 912 912 912 912 912 912 912
Jerry 913 913 913 913 913 913 913 913
Jerry 914 914 914 914 914 914 914 914
Jerry 915 915 915 915 915 915 915 915
Jerry 916 916 916 916 916 916 916 916
Jerry 917 917 917 917 917 917 917 917
Jerry 918 918 918 918 918 918 918 918
Jerry 919 919 919 919 919 919 919 919
Jerry 92 92 92 92 92 92 92 92
Jerry 920 920 920 920 920 920 920 920
Jerry 921 921 921 921 921 921 921 921
Jerry 922 922 922 922 922 922 922 922
Jerry 923 923 923 923 923 923 923 923
Jerry 924 924 924 924 924 924 924 924
Jerry 925 925 925 925 925 925 925 925
Jerry 926 926 926 926 926 926 926 926
Jerry 927 927 927 927 927 927 927 927
Jerry 928 928 928 928 928 928 928 928
Jerry 929 929 929 929 929 929 929 929
Jerry 93 93 93 93 93 93 93 93
Jerry 930 930 930 930 930 930 930 930
Jerry 931 931 931 931 931 931 931 931
Jerry 932 932 932 932 932 932 932 932
Jerry 933 933 933 933 933 933 933 933
Jerry 934 934 934 934 934 934 934 934
Jerry 935 935 935 935 935 935 935 935
Jerry 936 936 936 936 936 936 936 936
Jerry 937 937 937 937 937 937 937 937
Jerry 938 938 938 938 938 938 938 938
Jerry 939 939 939 939 939 939 939 939
Jerry 94 94 94 94 94 94 94 94
Jerry 940 940 940 940 940 940 940 940
Jerry 941 941 941 941 941 941 941 941
Jerry 942 942 942 942 942 942 942 942
Jerry 943 943 943 943 943 943 943 943
Jerry 944 944 944 944 944 944 944 944
Jerry 945 945 945 945 945 945 945 945
Jerry 946 946 946 946 946 946 946 946
Jerry 947 947 947 947 947 947 947 947
Jerry 948 948 948 948 948 948 948 948
Jerry 949 949 949 949 949 949 949 949
Jerry 95 95 95 95 95 95 95 95
Jerry 950 950 950 950 950 950 950 950
Jerry 951 951 951 951 951 951 951 951
Jerry 952 952 952 952 952 952 952 952
Jerry 953 953 953 953 953 953 953 953
Jerry 954 954 954 954 954 954 954 954
Jerry 955 955 955 955 955 955 955 955
Jerry 956 956 956 956 956 956 956 956
Jerry 957 957 957 957 957 957 957 957
Jerry 958 958 958 958 958 958 958 958
Jerry 959 959 959 959 959 959 959 959
Jerry 96 96 96 96 96 96 96 96
Jerry 960 960 960 960 960 960 960 960
Jerry 961 961 961 961 961 961 961 961
Jerry 962 962 962 962 962 962 962 962
Jerry 963 963 963 963 963 963 963 963
Jerry 964 964 964 964 964 964 964 964
Jerry 965 965 965 965 965 965 965 965
Jerry 966 966 966 966 966 966 966 966
Jerry 967 967 967 967 967 967 967 967
Jerry 968 968 968 968 968 968 968 968
Jerry 969 969 969 969 969 969 969 969
Jerry 97 97 97 97 97 97 97 97
Jerry 970 970 970 970 970 970 970 970
Jerry 971 971 971 971 971 971 971 971
Jerry 972 972 972 972 972 972 972 972
Jerry 973 973 973 973 973 973 973 973
Jerry 974 974 974 974 974 974 974 974
Jerry 975 975 975 975 975 975 975 975
Jerry 976 976 976 976 976 976 976 976
Jerry 977 977 977 977 977 977 977 977
Jerry 978 978 978 978 978 978 978 978
Jerry 979 979 979 979 979 979 979 979
Jerry 98 98 98 98 98 98 98 98
Jerry 980 980 980 980 980 980 980 980
Jerry 981 981 981 981 981 981 981 981
Jerry 982 982 982 982 982 982 982 982
Jerry 983 983 983 983 983 983 983 983
Jerry 984 984 984 984 984 984 984 984
Jerry 985 985 985 985 985 985 985 985
Jerry 986 986 986 986 986 986 986 986
Jerry 987 987 987 987 987 987 987 987
Jerry 988 988 988 988 988 988 988 988
Jerry 989 989 989 989 989 989 989 989
Jerry 99 99 99 99 99 99 99 99
Jerry 990 990 990 990 990 990 990 990
Jerry 991 991 991 991 991 991 991 991
Jerry 992 992 992 992 992 992 992 992
Jerry 993 993 993 993 993 993 993 993
Jerry 994 994 994 994 994 994 994 994
Jerry 995 995 995 995 995 995 995 995
Jerry 996 996 996 996 996 996 996 996
Jerry 997 997 997 997 997 997 997 997
Jerry 998 998 998 998 998 998 998 998
Jerry 999 999 999 999 999 999 999 999
Jerry 2314-12412 18888888888 84231983 张彦超 nyist nyist Stu Judy@qq.com17
123 3 3 3 3 3 3 3 3
Tom 2314-12412 18888888888 84231983 很好看 nyist nyist Stu Judy@qq.co19
Tom 0313-5092658 15033138575 2362853864 检察院 NYIST NYIST Stu xiaozhu@bamboomc.cn21
Tom 0388-5123987 15981895036 15648879235 小沈阳 NYIST NYIST Teacher 2365285324@qq.com22
Tom 0313-1456328 15024569853 1236545656 校草 NYIST NYIST Stu xiaocao@nyist.edu.cn
Tom 0015-12456 18564530125 128389134 颐和园 nyist nyist Stu Wang@hotmail.com20
Tom 2314-12412 18888888888 84231983 张彦超 nyist nyist Stu Judy@qq.com17
Tom 0388-5123987 15981895036 15648879235 赵本山 NYIST NYIST Teacher 2365285324@qq.com22
Tom 0015-12456 18564530125 128389134 做项目 nyist nyist Stu Wang@hotmail.com18
Danny 123 123 123 123 123 123 123 123
Danny 0388-5123987 15981895036 15648879235 小沈阳 NYIST NYIST Teacher 2365285324@qq.com22
